Samples\sparse_medium.txt
# # # # # # # # # # # # # # # # # # # # #
# S 0 0 0 0 0 0 0 0 0 0 0 0 0 0 0 0 0 0 #
# X 0 0 0 0 0 0 0 0 0 0 0 0 0 0 0 0 0 0 #
# X 0 0 0 0 0 0 0 0 0 0 0 0 0 0 0 0 0 0 #
# X 0 0 0 0 0 0 0 0 0 0 0 0 0 0 0 0 0 0 #
# X 0 0 0 0 0 0 0 0 0 0 0 0 0 0 0 0 0 0 #
# X 0 0 0 0 0 0 0 0 0 0 0 0 0 0 0 0 0 0 #
# X 0 0 0 0 0 0 0 0 0 0 0 0 0 0 0 0 0 0 #
# X 0 0 0 0 0 0 0 0 0 0 0 0 0 0 0 0 0 0 #
# X 0 0 0 0 0 0 0 0 0 0 0 0 0 0 0 0 0 0 #
# X 0 0 0 0 0 0 0 0 0 0 0 0 0 0 0 0 0 0 #
# X 0 0 0 0 0 0 0 0 0 0 0 0 0 0 0 0 0 0 #
# X 0 0 0 0 0 0 0 0 0 0 0 0 0 0 0 0 0 0 #
# X 0 0 0 0 0 0 0 0 0 0 0 0 0 0 0 0 0 0 #
# X 0 0 0 0 0 0 0 0 0 0 0 0 0 0 0 0 0 0 #
# X 0 0 0 0 0 0 0 0 0 0 0 0 0 0 0 0 0 0 #
# X 0 0 0 0 0 0 0 0 0 0 0 0 0 0 0 0 0 0 #
# X 0 0 0 0 0 0 0 0 0 0 0 0 0 0 0 0 0 0 #
# X 0 0 0 0 0 0 0 0 0 0 0 0 0 0 0 0 0 0 #
# X X X X X X X X X X X X X X X X X X E #
# # # # # # # # # # # # # # # # # # # # #

